"CHEV",204,5280,283,1,4800,286.628,2400
"CHEV",181,5100,265,1,4529.667,261.4667,2400
"OLDS",195,4200,324,1,4000,301.4025,1800
"CHEV",217,5800,265,0,5400,265,4000
"FORD",200,5250,272,1,4505.94,280.963,2743.276
"STUD",85,4500,169,0,4000,150,2000
"STUD",105,4600,185,1,4063.976,162.8065,2200
"PONT",180,4840,287,1,4400,276.258,2200
"PONT",200,5000,316,1,4400,298.343,2400
"FORD",135,4800,239,1,4200,211.1808,2400
"FORD",140,4800,239,1,4341.696,212.4276,2400
"CHEV",120,4200,235,1,3600,197.185,1800
"CHEV",128,4200,235,1,3800,208.185,2000
"FORD",169,5200,256,1,4400,246.23,2600
"FORD",150,5000,223,1,4200,229.4104,2400
"CHEV",125,4150,235,1,3742.2,198.3463,1800
"BUICK",133,4110.163,263,1,3736.512,221.2514,1800
"BUICK",139,4800,263,1,4425.457,233.4048,2100
"CHEV",138,5000,235,1,4553.842,212.2699,2367.895
"CHEV",257,5800,283,1,5599,279.2267,2649.987
"CHEV",284,6400,283,1,6200,281.2277,2832.931
"FORD",180,4900,272,1,4200,271.36,2400
"FORD",187,5000,272,1,4363.2,273.196,2400
"FORD",169,4800,272,1,4200,261.292,2200
"MOPAR",174,4620,260,1,4200,246.2464,2200
"CHEV",139,4650,235,1,4084.4,210.638,2000
"CHEV",148,4770,235,1,4312.84,219.8286,2200
"CHEV",157,5280,235,1,4800,223.4832,2404.978
"CHEV",211,5900,235,1,5808.08,228.7794,2849.386
"CHEV",134,4500,235,1,3942.2,209.4115,2000
"CHEV",134,4885.245,235,1,4441.132,211.1603,2315.79
"CHEV",134,4885.245,235,1,4441.132,211.1603,2315.79
"CHEV",132,4700,235,1,4241.132,211.1085,2210.526
"FF",105,3960,239,1,3600,191.0744,1800
"FF",109,4101.821,239,1,3728.928,192.0951,1800
"FF",114,4541.821,239,1,4128.928,209.668,2000
"MOPAR",146,5200,241,1,4400,226.3348,2600
"MOPAR",157,5200,241,1,4400,234.41,2600
"MOPAR",174,4900,260,1,4200,246.2464,2200
"MOPAR",185,5200,260,1,4400,256.2464,2600
"CHEV",142,4401.012,235,1,4000.92,208.869,2247.658
"CHEV",148,4800,235,1,4000.92,210.133,2247.658
"PONT",102,4180,222,1,3800,192.7211,1892.731
"FF",115,3960,255,1,3600,206.0744,1800
"FF",130,4500,255,1,3800,221.1376,2000
"FF",119,4400,255,1,3728.928,207.1757,1800
"FF",156,5000,255,1,4465.44,228.6908,2395.818
"CHEV",201,6000,265,1,5416.281,271.0301,3246.581
"CHEV",216,6000,265,1,5593.277,280.3377,3246.581
"CHEV",211,6000,265,1,5584.167,272.962,3246.581
"BUICK",158,4600,264,1,3928.919,227.713,2000
"BUICK",202,5455.191,264,1,4959.264,263.0526,2800
"PONT",200,5000,316,1,4400,298.343,2400
"PONT",207,5100,316,1,4561.16,300.3373,2400
"PONT",133,4500,268,1,3800,240.2166,2200
"CHEV",175,5100,265,1,4563.2,260.1076,2200
"PONT",153,5100,268,1,4400,240.2166,2547.368
"FORD",240,5600,312,1,4810.875,299.0197,2998.267
"FORD",177,5500,239,1,4984.224,225.3145,2944.291
,1,4400,240.2166,2547.368
"FORD",240